image_width: 320
image_height: 240
camera_name: camera
camera_matrix:
  rows: 3
  cols: 3
  data: [162.9384228309904, 0, 164.9445462733233, 0, 163.1512999237446, 131.9874563698338, 0, 0, 1]
distortion_model: plumb_bob
distortion_coefficients:
  rows: 1
  cols: 5
  data: [-0.3055094671678813, 0.05293450201496279, -0.002195870892710936, -0.004844351678168056, 0]
rectification_matrix:
  rows: 3
  cols: 3
  data: [0.9957738178897328, -0.01250424577902034, -0.09098432525882255, 0.01233026332770771, 0.9999209186120784, -0.002474091398178878, 0.09100806673902459, 0.00134177474823766, 0.9958492513573277]
projection_matrix:
  rows: 3
  cols: 4
  data: [149.8453577151088, 0, 197.1486539840698, 0, 0, 149.8453577151088, 125.1108350753784, 0, 0, 0, 1, 0]