image_width: 320
image_height: 240
camera_name: camera
camera_matrix:
  rows: 3
  cols: 3
  data: [167.6478129386835, 0, 156.1195076784454, 0, 168.4883290240218, 125.4755467631015, 0, 0, 1]
distortion_model: plumb_bob
distortion_coefficients:
  rows: 1
  cols: 5
  data: [-0.3201772337539476, 0.05895503873054492, -0.001742146171382447, 0.002051687037035928, 0]
rectification_matrix:
  rows: 3
  cols: 3
  data: [0.9852343772102065, 0.01408268731463888, -0.170630887828713, -0.01375555489713771, 0.9999005844846091, 0.003099331671356051, 0.17065757138987, -0.0007064455643211183, 0.9853301448052708]
projection_matrix:
  rows: 3
  cols: 4
  data: [149.8453577151088, 0, 197.1486539840698, -6.193879499126529, 0, 149.8453577151088, 125.1108350753784, 0, 0, 0, 1, 0]