image_width: 320
image_height: 240
camera_name: camera
camera_matrix:
  rows: 3
  cols: 3
  data: [151.3872516282709, 0, 134.3531942468789, 0, 151.7297045144112, 124.1697407661064, 0, 0, 1]
distortion_model: plumb_bob
distortion_coefficients:
  rows: 1
  cols: 5
  data: [-0.349653017197545, 0.08661902856075404, -0.001726263858822342, 0.0005440863869142653, 0]
rectification_matrix:
  rows: 3
  cols: 3
  data: [0.9997438665591382, -0.009166524308873743, -0.02069241671431651, 0.009194051174531119, 0.9999569705011641, 0.001235544064022855, 0.02068020068529805, -0.001425474738066532, 0.9997851255751843]
projection_matrix:
  rows: 3
  cols: 4
  data: [115.7971575299832, 0, 156.1418409347534, -4.537453696960979, 0, 115.7971575299832, 120.0420751571655, 0, 0, 0, 1, 0]