image_width: 320
image_height: 240
camera_name: camera
camera_matrix:
  rows: 3
  cols: 3
  data: [149.6594365050411, 0, 181.4982231612317, 0, 150.6544912033462, 118.4661892433163, 0, 0, 1]
distortion_model: plumb_bob
distortion_coefficients:
  rows: 1
  cols: 5
  data: [-0.3526249657547957, 0.09218262848783246, -0.002427395182580451, -0.003866053918882437, 0]
rectification_matrix:
  rows: 3
  cols: 3
  data: [0.9993707238612706, 0.01122040574429895, 0.03364905323977936, -0.01117561551431495, 0.9999363972765104, -0.001518887602411349, -0.03366395560352951, 0.00114188292125727, 0.9994325561019702]
projection_matrix:
  rows: 3
  cols: 4
  data: [115.7971575299832, 0, 156.1418409347534, 0, 0, 115.7971575299832, 120.0420751571655, 0, 0, 0, 1, 0]