image_width: 320
image_height: 240
camera_name: camera
camera_matrix:
  rows: 3
  cols: 3
  data: [153.2443512847032, 0, 185.2642706644167, 0, 153.8578866191011, 118.2178265577373, 0, 0, 1]
distortion_model: plumb_bob
distortion_coefficients:
  rows: 1
  cols: 5
  data: [-0.3515525611251314, 0.08581172700168552, -0.001791387985420616, -0.007327612531599029, 0]
rectification_matrix:
  rows: 3
  cols: 3
  data: [0.9876205855406978, 0.005906283978562576, 0.1567504220913426, -0.005075968983744184, 0.9999708899068404, -0.005696830504568122, -0.1567795061706904, 0.004830646797923223, 0.9876218159277307]
projection_matrix:
  rows: 3
  cols: 4
  data: [130.5636043255341, 0, 132.6412162780762, 0, 0, 130.5636043255341, 120.0785236358643, 0, 0, 0, 1, 0]