image_width: 320
image_height: 240
camera_name: camera
camera_matrix:
  rows: 3
  cols: 3
  data: [168.4205262621817, 0, 162.0969926320107, 0, 167.5154601557704, 133.3493774240797, 0, 0, 1]
distortion_model: plumb_bob
distortion_coefficients:
  rows: 1
  cols: 5
  data: [-0.3210409068626925, 0.05978522471347539, -0.006713537109035181, -0.001504574875985806, 0]
rectification_matrix:
  rows: 3
  cols: 3
  data: [0.999536401578564, -0.006685025895227693, -0.02970340633927106, 0.006472292503543106, 0.9999527556485657, -0.007252303123051491, 0.02975048485528081, 0.007056691832592515, 0.999532446572524]
projection_matrix:
  rows: 3
  cols: 4
  data: [152.2565760809679, 0, 172.0384454727173, 0, 0, 152.2565760809679, 121.8895168304443, 0, 0, 0, 1, 0]