image_width: 320
image_height: 240
camera_name: camera
camera_matrix:
  rows: 3
  cols: 3
  data: [167.0292455579868, 0, 152.4752208286456, 0, 167.3969807835315, 117.1017017435492, 0, 0, 1]
distortion_model: plumb_bob
distortion_coefficients:
  rows: 1
  cols: 5
  data: [-0.3291024540565475, 0.06382632330314181, -0.007675967500531063, 0.004428834388616635, 0]
rectification_matrix:
  rows: 3
  cols: 3
  data: [0.9954372177245515, 0.006876440516129946, -0.09517068947229462, -0.006194508580990278, 0.9999529949995795, 0.007458944617769339, 0.09521750696297315, -0.006835375424878935, 0.9954330233674977]
projection_matrix:
  rows: 3
  cols: 4
  data: [152.2565760809679, 0, 172.0384454727173, -6.100540548635648, 0, 152.2565760809679, 121.8895168304443, 0, 0, 0, 1, 0]