image_width: 320
image_height: 240
camera_name: left_camera
camera_matrix:
  rows: 3
  cols: 3
  data: [158.3498770872023, 0, 172.0870459486864, 0, 158.2040936576769, 121.2651181136323, 0, 0, 1]
distortion_model: plumb_bob
distortion_coefficients:
  rows: 1
  cols: 5
  data: [-0.3141848955230159, 0.06007176932666462, -0.0004915803756691321, -0.002885352944004131, 0]
rectification_matrix:
  rows: 3
  cols: 3
  data: [0.9972750940806645, 0.008685388323814363, -0.07325947553774989, -0.008755543710362312, 0.99996146689803, -0.0006365323840529793, 0.07325112409197251, 0.001276224433460813, 0.9973127112748829]
projection_matrix:
  rows: 3
  cols: 4
  data: [133.4160775226465, 0, 197.4032487869263, 0, 0, 133.4160775226465, 122.4288940429688, 0, 0, 0, 1, 0]