image_width: 320
image_height: 240
camera_name: right_camera
camera_matrix:
  rows: 3
  cols: 3
  data: [163.2349835024824, 0, 159.9720448485934, 0, 163.5665972913674, 122.9359752478549, 0, 0, 1]
distortion_model: plumb_bob
distortion_coefficients:
  rows: 1
  cols: 5
  data: [-0.3231837515116451, 0.06384337287227113, 0.0002380672397537273, 0.001583891264416764, 0]
rectification_matrix:
  rows: 3
  cols: 3
  data: [0.99071613876799, 0.0007632205635779206, -0.1359446574125512, -0.0006328139970305778, 0.9999992972958927, 0.001002474022569727, 0.1359453269924705, -0.0009071395108233049, 0.9907159255643457]
projection_matrix:
  rows: 3
  cols: 4
  data: [133.4160775226465, 0, 197.4032487869263, -5.228600918711132, 0, 133.4160775226465, 122.4288940429688, 0, 0, 0, 1, 0]