image_width: 320
image_height: 240
camera_name: camera
camera_matrix:
  rows: 3
  cols: 3
  data: [152.1842146255975, 0, 133.9440909632255, 0, 152.1943669593277, 125.1383757382663, 0, 0, 1]
distortion_model: plumb_bob
distortion_coefficients:
  rows: 1
  cols: 5
  data: [-0.3465039737914868, 0.0827914724295444, -0.001671006492149672, 0.0001740048504160102, 0]
rectification_matrix:
  rows: 3
  cols: 3
  data: [0.99720701772242, -0.007813752800460361, 0.07427724464686691, 0.007421177922315589, 0.9999570064819832, 0.00555979368650656, -0.07431749406029886, -0.004993040633169374, 0.9972221315343102]
projection_matrix:
  rows: 3
  cols: 4
  data: [130.5636043255341, 0, 132.6412162780762, -5.048742186587278, 0, 130.5636043255341, 120.0785236358643, 0, 0, 0, 1, 0]