image_width: 320
image_height: 240
camera_name: camera
camera_matrix:
  rows: 3
  cols: 3
  data: [170.9200597023457, 0, 166.683466830436, 0, 171.6338202653406, 122.5620042009952, 0, 0, 1]
distortion_model: plumb_bob
distortion_coefficients:
  rows: 1
  cols: 5
  data: [-0.3432584267379821, 0.07210451688079358, 0.00234975120912161, -0.00352811072855592, 0]
rectification_matrix:
  rows: 3
  cols: 3
  data: [0.9999050222375406, 0.0002741162031926247, 0.01377938186025758, -0.0002273856266966039, 0.9999942186095027, -0.003392792853508876, -0.01378023221576545, 0.003389337380255372, 0.9998993037262316]
projection_matrix:
  rows: 3
  cols: 4
  data: [143.3612020224873, 0, 165.6223974227905, 0, 0, 143.3612020224873, 125.9231882095337, 0, 0, 0, 1, 0]