image_width: 320
image_height: 240
camera_name: camera
camera_matrix:
  rows: 3
  cols: 3
  data: [170.8460841472606, 0, 152.4657128443553, 0, 171.5863927233594, 128.7589781173094, 0, 0, 1]
distortion_model: plumb_bob
distortion_coefficients:
  rows: 1
  cols: 5
  data: [-0.3436355198291815, 0.07112338352470098, 0.002580042483338651, 0.004233361582242794, 0]
rectification_matrix:
  rows: 3
  cols: 3
  data: [0.9980896475106933, 0.005493589109540936, -0.06153759834991737, -0.005284774797528147, 0.9999797144822149, 0.003555528006779732, 0.06155588263780832, -0.003223523346141131, 0.9980984331266719]
projection_matrix:
  rows: 3
  cols: 4
  data: [143.3612020224873, 0, 165.6223974227905, -5.746013419648761, 0, 143.3612020224873, 125.9231882095337, 0, 0, 0, 1, 0]