image_width: 320
image_height: 240
camera_name: camera
camera_matrix:
  rows: 3
  cols: 3
  data: [168.5497690159303, 0, 159.5365750258923, 0, 169.8440234409067, 112.3493653105306, 0, 0, 1]
distortion_model: plumb_bob
distortion_coefficients:
  rows: 1
  cols: 5
  data: [-0.3411531013492615, 0.06817801692339145, -0.002087767272245855, 0.0001969078019012341, 0]
rectification_matrix:
  rows: 3
  cols: 3
  data: [0.9979983148239111, -0.006562926432726677, -0.062899058858398, 0.006482191641635196, 0.9999778839615397, -0.001487541368247651, 0.06290743040495862, 0.001076840025143384, 0.9980187852016642]
projection_matrix:
  rows: 3
  cols: 4
  data: [151.4464309073976, 0, 178.6767816543579, 0, 0, 151.4464309073976, 117.0227203369141, 0, 0, 0, 1, 0]