image_width: 320
image_height: 240
camera_name: camera
camera_matrix:
  rows: 3
  cols: 3
  data: [167.975274611702, 0, 145.8695958359279, 0, 170.9777231849448, 128.7807013433848, 0, 0, 1]
distortion_model: plumb_bob
distortion_coefficients:
  rows: 1
  cols: 5
  data: [-0.3455122251379984, 0.07181495972133987, -0.001429006549490754, 0.008881558103743921, 0]
rectification_matrix:
  rows: 3
  cols: 3
  data: [0.990477852331509, 0.004051729701028949, -0.1376125267815075, -0.003874770734347507, 0.9999912859194309, 0.001553781503015908, 0.1376176231175265, -0.001005769174647022, 0.9904849207513711]
projection_matrix:
  rows: 3
  cols: 4
  data: [151.4464309073976, 0, 178.6767816543579, -5.984086864909959, 0, 151.4464309073976, 117.0227203369141, 0, 0, 0, 1, 0]