image_width: 320
image_height: 240
camera_name: camera
camera_matrix:
  rows: 3
  cols: 3
  data: [164.0114619217142, 0, 164.7144722583119, 0, 165.1424102250903, 112.0499624500619, 0, 0, 1]
distortion_model: plumb_bob
distortion_coefficients:
  rows: 1
  cols: 5
  data: [-0.3243363103237167, 0.06240730294907579, 0.006932185708685928, -0.0008752646960283224, 0]
rectification_matrix:
  rows: 3
  cols: 3
  data: [0.9966796573414552, 0.002223440745056284, -0.08139236421785916, -0.00264964387757102, 0.9999833374304098, -0.005128766797299067, 0.08137960450285725, 0.005327398313647149, 0.9966689414234631]
projection_matrix:
  rows: 3
  cols: 4
  data: [137.4899995696486, 0, 190.5257616043091, 0, 0, 137.4899995696486, 114.3779325485229, 0, 0, 0, 1, 0]