image_width: 320
image_height: 240
camera_name: camera
camera_matrix:
  rows: 3
  cols: 3
  data: [167.4045831030687, 0, 150.7447970543917, 0, 169.6710920690676, 115.6273692512951, 0, 0, 1]
distortion_model: plumb_bob
distortion_coefficients:
  rows: 1
  cols: 5
  data: [-0.329724202392838, 0.06675533323079948, 0.007916017251431307, 0.005938772520324982, 0]
rectification_matrix:
  rows: 3
  cols: 3
  data: [0.9882406251355169, 0.004974813436773595, -0.1528257768278377, -0.004172733849511915, 0.9999757891175763, 0.005568614809943457, 0.1528497796007044, -0.004865430088869948, 0.9882374575303582]
projection_matrix:
  rows: 3
  cols: 4
  data: [137.4899995696486, 0, 190.5257616043091, -5.499586979235676, 0, 137.4899995696486, 114.3779325485229, 0, 0, 0, 1, 0]