image_width: 320
image_height: 240
camera_name: camera
camera_matrix:
  rows: 3
  cols: 3
  data: [168.7305038992984, 0, 157.5131177327778, 0, 169.0197583808908, 129.1654319501576, 0, 0, 1]
distortion_model: plumb_bob
distortion_coefficients:
  rows: 1
  cols: 5
  data: [-0.3198089718277046, 0.05867424616652726, -0.003445848931598258, 0.0008731820216678917, 0]
rectification_matrix:
  rows: 3
  cols: 3
  data: [0.994913681067161, -0.0007498721597111386, -0.100728371957138, 0.00102935503846642, 0.9999957637307609, 0.002722673086700786, 0.1007259035878866, -0.002812509960222551, 0.9949102382296241]
projection_matrix:
  rows: 3
  cols: 4
  data: [145.8072008434803, 0, 190.9250936508179, 0, 0, 145.8072008434803, 122.5078401565552, 0, 0, 0, 1, 0]