image_width: 320
image_height: 240
camera_name: camera
camera_matrix:
  rows: 3
  cols: 3
  data: [166.5425888367902, 0, 149.943246999183, 0, 168.5896051736636, 126.6993590308289, 0, 0, 1]
distortion_model: plumb_bob
distortion_coefficients:
  rows: 1
  cols: 5
  data: [-0.3292057859042417, 0.06410667916158301, -0.005079470390377581, 0.008380206153515911, 0]
rectification_matrix:
  rows: 3
  cols: 3
  data: [0.9844924138004687, 0.01539590471711802, -0.1747502597630924, -0.01588198702536985, 0.9998729162863091, -0.001383389040513484, 0.1747067533252588, 0.004137317373957694, 0.9846118184073835]
projection_matrix:
  rows: 3
  cols: 4
  data: [145.8072008434803, 0, 190.9250936508179, -5.779516295832019, 0, 145.8072008434803, 122.5078401565552, 0, 0, 0, 1, 0]